dataFileVersion =   5
Dimensions = [
5000
5000
5000
]
XAxis = [
1.0
0.0
0.0
]
YAxis = [
0.0
1.0
0.0
]
nodeCount = 110
GeometryType =   1
nodalData =
#  Primary lines: node_tag, x, y, z, num_arms, constraint
#  Secondary lines: arm_tag, burgx, burgy, burgz, nx, ny, nz
0,0       		0		0		0		1		7
0.0000      0.0000      0.0000
0,1       -0.7071067811865475      0.0      0.7071067811865475
0.5773502691896258      0.5773502691896258      0.5773502691896258
0,1       		-3.881938364725348		7.763876729450696		-3.881938364725348		2		0
0.0000      0.0000      0.0000
0,2       -0.7071067811865475      0.0      0.7071067811865475
0.5773502691896258      0.5773502691896258      0.5773502691896258
0,0       0.7071067811865475      -0.0      -0.7071067811865475
0.5773502691896258      0.5773502691896258      0.5773502691896258
0,2       		-6.348919389114293		12.697838778228586		-6.348919389114293		2		0
0.0000      0.0000      0.0000
0,3       -0.7071067811865475      0.0      0.7071067811865475
0.5773502691896258      0.5773502691896258      0.5773502691896258
0,1       0.7071067811865475      -0.0      -0.7071067811865475
0.5773502691896258      0.5773502691896258      0.5773502691896258
0,3       		-8.558015063911594		17.116030127823187		-8.558015063911594		2		0
0.0000      0.0000      0.0000
0,4       -0.7071067811865475      0.0      0.7071067811865475
0.5773502691896258      0.5773502691896258      0.5773502691896258
0,2       0.7071067811865475      -0.0      -0.7071067811865475
0.5773502691896258      0.5773502691896258      0.5773502691896258
0,4       		-11.14702292457928		22.29404584915856		-11.14702292457928		2		0
0.0000      0.0000      0.0000
0,5       -0.7071067811865475      0.0      0.7071067811865475
0.5773502691896258      0.5773502691896258      0.5773502691896258
0,3       0.7071067811865475      -0.0      -0.7071067811865475
0.5773502691896258      0.5773502691896258      0.5773502691896258
0,5       		-13.865770450159857		27.731540900319715		-13.865770450159857		2		0
0.0000      0.0000      0.0000
0,6       -0.7071067811865475      0.0      0.7071067811865475
0.5773502691896258      0.5773502691896258      0.5773502691896258
0,4       0.7071067811865475      -0.0      -0.7071067811865475
0.5773502691896258      0.5773502691896258      0.5773502691896258
0,6       		-16.94273658155833		33.88547316311666		-16.94273658155833		2		0
0.0000      0.0000      0.0000
0,7       -0.7071067811865475      0.0      0.7071067811865475
0.5773502691896258      0.5773502691896258      0.5773502691896258
0,5       0.7071067811865475      -0.0      -0.7071067811865475
0.5773502691896258      0.5773502691896258      0.5773502691896258
0,7       		-20.153726617807422		40.307453235614844		-20.153726617807422		2		0
0.0000      0.0000      0.0000
0,8       -0.7071067811865475      0.0      0.7071067811865475
0.5773502691896258      0.5773502691896258      0.5773502691896258
0,6       0.7071067811865475      -0.0      -0.7071067811865475
0.5773502691896258      0.5773502691896258      0.5773502691896258
0,8       		-23.36296166552685		46.7259233310537		-23.36296166552685		2		0
0.0000      0.0000      0.0000
0,9       -0.7071067811865475      0.0      0.7071067811865475
0.5773502691896258      0.5773502691896258      0.5773502691896258
0,7       0.7071067811865475      -0.0      -0.7071067811865475
0.5773502691896258      0.5773502691896258      0.5773502691896258
0,9       		-25.710961757233402		51.421923514466805		-25.710961757233402		2		0
0.0000      0.0000      0.0000
0,10      -0.7071067811865475      0.0      0.7071067811865475
0.5773502691896258      0.5773502691896258      0.5773502691896258
0,8       0.7071067811865475      -0.0      -0.7071067811865475
0.5773502691896258      0.5773502691896258      0.5773502691896258
0,10      		-28.698117081462648		57.396234162925296		-28.698117081462648		2		0
0.0000      0.0000      0.0000
0,11      -0.7071067811865475      0.0      0.7071067811865475
0.5773502691896258      0.5773502691896258      0.5773502691896258
0,9       0.7071067811865475      -0.0      -0.7071067811865475
0.5773502691896258      0.5773502691896258      0.5773502691896258
0,11      		-32.13811607180632		64.27623214361265		-32.13811607180632		2		0
0.0000      0.0000      0.0000
0,12      -0.7071067811865475      0.0      0.7071067811865475
0.5773502691896258      0.5773502691896258      0.5773502691896258
0,10      0.7071067811865475      -0.0      -0.7071067811865475
0.5773502691896258      0.5773502691896258      0.5773502691896258
0,12      		-34.539515676251355		69.07903135250271		-34.539515676251355		2		0
0.0000      0.0000      0.0000
0,13      -0.7071067811865475      0.0      0.7071067811865475
0.5773502691896258      0.5773502691896258      0.5773502691896258
0,11      0.7071067811865475      -0.0      -0.7071067811865475
0.5773502691896258      0.5773502691896258      0.5773502691896258
0,13      		-36.77217957987851		73.54435915975702		-36.77217957987851		2		0
0.0000      0.0000      0.0000
0,14      -0.7071067811865475      0.0      0.7071067811865475
0.5773502691896258      0.5773502691896258      0.5773502691896258
0,12      0.7071067811865475      -0.0      -0.7071067811865475
0.5773502691896258      0.5773502691896258      0.5773502691896258
0,14      		-40.23339053268976		80.46678106537952		-40.23339053268976		2		0
0.0000      0.0000      0.0000
0,15      -0.7071067811865475      0.0      0.7071067811865475
0.5773502691896258      0.5773502691896258      0.5773502691896258
0,13      0.7071067811865475      -0.0      -0.7071067811865475
0.5773502691896258      0.5773502691896258      0.5773502691896258
0,15      		-43.85712584870336		87.71425169740672		-43.85712584870336		2		0
0.0000      0.0000      0.0000
0,16      -0.7071067811865475      0.0      0.7071067811865475
0.5773502691896258      0.5773502691896258      0.5773502691896258
0,14      0.7071067811865475      -0.0      -0.7071067811865475
0.5773502691896258      0.5773502691896258      0.5773502691896258
0,16      		-47.24045439646248		94.48090879292496		-47.24045439646248		2		0
0.0000      0.0000      0.0000
0,17      -0.7071067811865475      0.0      0.7071067811865475
0.5773502691896258      0.5773502691896258      0.5773502691896258
0,15      0.7071067811865475      -0.0      -0.7071067811865475
0.5773502691896258      0.5773502691896258      0.5773502691896258
0,17      		-49.948542419570686		99.89708483914137		-49.948542419570686		2		0
0.0000      0.0000      0.0000
0,18      -0.7071067811865475      0.0      0.7071067811865475
0.5773502691896258      0.5773502691896258      0.5773502691896258
0,16      0.7071067811865475      -0.0      -0.7071067811865475
0.5773502691896258      0.5773502691896258      0.5773502691896258
0,18      		-52.48759660235779		104.97519320471558		-52.48759660235779		2		0
0.0000      0.0000      0.0000
0,19      -0.7071067811865475      0.0      0.7071067811865475
0.5773502691896258      0.5773502691896258      0.5773502691896258
0,17      0.7071067811865475      -0.0      -0.7071067811865475
0.5773502691896258      0.5773502691896258      0.5773502691896258
0,19      		-55.54386172291688		111.08772344583376		-55.54386172291688		2		0
0.0000      0.0000      0.0000
0,20      -0.7071067811865475      0.0      0.7071067811865475
0.5773502691896258      0.5773502691896258      0.5773502691896258
0,18      0.7071067811865475      -0.0      -0.7071067811865475
0.5773502691896258      0.5773502691896258      0.5773502691896258
0,20      		-59.32720090329052		118.65440180658103		-59.32720090329052		2		0
0.0000      0.0000      0.0000
0,21      -0.7071067811865475      0.0      0.7071067811865475
0.5773502691896258      0.5773502691896258      0.5773502691896258
0,19      0.7071067811865475      -0.0      -0.7071067811865475
0.5773502691896258      0.5773502691896258      0.5773502691896258
0,21      		-61.83272457523903		123.66544915047805		-61.83272457523903		2		0
0.0000      0.0000      0.0000
0,22      -0.7071067811865475      0.0      0.7071067811865475
0.5773502691896258      0.5773502691896258      0.5773502691896258
0,20      0.7071067811865475      -0.0      -0.7071067811865475
0.5773502691896258      0.5773502691896258      0.5773502691896258
0,22      		-64.43074241385584		128.86148482771168		-64.43074241385584		2		0
0.0000      0.0000      0.0000
0,23      -0.7071067811865475      0.0      0.7071067811865475
0.5773502691896258      0.5773502691896258      0.5773502691896258
0,21      0.7071067811865475      -0.0      -0.7071067811865475
0.5773502691896258      0.5773502691896258      0.5773502691896258
0,23      		-67.58609375046595		135.1721875009319		-67.58609375046595		2		0
0.0000      0.0000      0.0000
0,24      -0.7071067811865475      0.0      0.7071067811865475
0.5773502691896258      0.5773502691896258      0.5773502691896258
0,22      0.7071067811865475      -0.0      -0.7071067811865475
0.5773502691896258      0.5773502691896258      0.5773502691896258
0,24      		-70.71367277862889		141.42734555725778		-70.71367277862889		2		0
0.0000      0.0000      0.0000
0,25      -0.7071067811865475      0.0      0.7071067811865475
0.5773502691896258      0.5773502691896258      0.5773502691896258
0,23      0.7071067811865475      -0.0      -0.7071067811865475
0.5773502691896258      0.5773502691896258      0.5773502691896258
0,25      		-74.56708817177409		149.13417634354818		-74.56708817177409		2		0
0.0000      0.0000      0.0000
0,26      -0.7071067811865475      0.0      0.7071067811865475
0.5773502691896258      0.5773502691896258      0.5773502691896258
0,24      0.7071067811865475      -0.0      -0.7071067811865475
0.5773502691896258      0.5773502691896258      0.5773502691896258
0,26      		-76.74677391084828		153.49354782169655		-76.74677391084828		2		0
0.0000      0.0000      0.0000
0,27      -0.7071067811865475      0.0      0.7071067811865475
0.5773502691896258      0.5773502691896258      0.5773502691896258
0,25      0.7071067811865475      -0.0      -0.7071067811865475
0.5773502691896258      0.5773502691896258      0.5773502691896258
0,27      		-79.47616451788402		158.95232903576803		-79.47616451788402		2		0
0.0000      0.0000      0.0000
0,28      -0.7071067811865475      0.0      0.7071067811865475
0.5773502691896258      0.5773502691896258      0.5773502691896258
0,26      0.7071067811865475      -0.0      -0.7071067811865475
0.5773502691896258      0.5773502691896258      0.5773502691896258
0,28      		-83.22405663003687		166.44811326007374		-83.22405663003687		2		0
0.0000      0.0000      0.0000
0,29      -0.7071067811865475      0.0      0.7071067811865475
0.5773502691896258      0.5773502691896258      0.5773502691896258
0,27      0.7071067811865475      -0.0      -0.7071067811865475
0.5773502691896258      0.5773502691896258      0.5773502691896258
0,29      		-86.71876089943486		173.4375217988697		-86.71876089943486		2		0
0.0000      0.0000      0.0000
0,30      -0.7071067811865475      0.0      0.7071067811865475
0.5773502691896258      0.5773502691896258      0.5773502691896258
0,28      0.7071067811865475      -0.0      -0.7071067811865475
0.5773502691896258      0.5773502691896258      0.5773502691896258
0,30      		-90.51172239194963		181.02344478389927		-90.51172239194963		2		0
0.0000      0.0000      0.0000
0,31      -0.7071067811865475      0.0      0.7071067811865475
0.5773502691896258      0.5773502691896258      0.5773502691896258
0,29      0.7071067811865475      -0.0      -0.7071067811865475
0.5773502691896258      0.5773502691896258      0.5773502691896258
0,31      		-93.4911000570194		186.9822001140388		-93.4911000570194		2		0
0.0000      0.0000      0.0000
0,32      -0.7071067811865475      0.0      0.7071067811865475
0.5773502691896258      0.5773502691896258      0.5773502691896258
0,30      0.7071067811865475      -0.0      -0.7071067811865475
0.5773502691896258      0.5773502691896258      0.5773502691896258
0,32      		-95.66039567085372		191.32079134170743		-95.66039567085372		2		0
0.0000      0.0000      0.0000
0,33      -0.7071067811865475      0.0      0.7071067811865475
0.5773502691896258      0.5773502691896258      0.5773502691896258
0,31      0.7071067811865475      -0.0      -0.7071067811865475
0.5773502691896258      0.5773502691896258      0.5773502691896258
0,33      		-98.40730618272231		196.81461236544462		-98.40730618272231		2		0
0.0000      0.0000      0.0000
0,34      -0.7071067811865475      0.0      0.7071067811865475
0.5773502691896258      0.5773502691896258      0.5773502691896258
0,32      0.7071067811865475      -0.0      -0.7071067811865475
0.5773502691896258      0.5773502691896258      0.5773502691896258
0,34      		-101.72096839584663		203.44193679169325		-101.72096839584663		2		0
0.0000      0.0000      0.0000
0,35      -0.7071067811865475      0.0      0.7071067811865475
0.5773502691896258      0.5773502691896258      0.5773502691896258
0,33      0.7071067811865475      -0.0      -0.7071067811865475
0.5773502691896258      0.5773502691896258      0.5773502691896258
0,35      		-104.17006750013		208.34013500026		-104.17006750013		2		0
0.0000      0.0000      0.0000
0,36      -0.7071067811865475      0.0      0.7071067811865475
0.5773502691896258      0.5773502691896258      0.5773502691896258
0,34      0.7071067811865475      -0.0      -0.7071067811865475
0.5773502691896258      0.5773502691896258      0.5773502691896258
0,36      		-106.73146372242473		213.46292744484947		-106.73146372242473		2		0
0.0000      0.0000      0.0000
0,37      -0.7071067811865475      0.0      0.7071067811865475
0.5773502691896258      0.5773502691896258      0.5773502691896258
0,35      0.7071067811865475      -0.0      -0.7071067811865475
0.5773502691896258      0.5773502691896258      0.5773502691896258
0,37      		-110.14329806477656		220.28659612955312		-110.14329806477656		2		0
0.0000      0.0000      0.0000
0,38      -0.7071067811865475      0.0      0.7071067811865475
0.5773502691896258      0.5773502691896258      0.5773502691896258
0,36      0.7071067811865475      -0.0      -0.7071067811865475
0.5773502691896258      0.5773502691896258      0.5773502691896258
0,38      		-113.42661685606105		226.8532337121221		-113.42661685606105		2		0
0.0000      0.0000      0.0000
0,39      -0.7071067811865475      0.0      0.7071067811865475
0.5773502691896258      0.5773502691896258      0.5773502691896258
0,37      0.7071067811865475      -0.0      -0.7071067811865475
0.5773502691896258      0.5773502691896258      0.5773502691896258
0,39      		-115.68547214965076		231.37094429930153		-115.68547214965076		2		0
0.0000      0.0000      0.0000
0,40      -0.7071067811865475      0.0      0.7071067811865475
0.5773502691896258      0.5773502691896258      0.5773502691896258
0,38      0.7071067811865475      -0.0      -0.7071067811865475
0.5773502691896258      0.5773502691896258      0.5773502691896258
0,40      		-118.16282483172833		236.32564966345666		-118.16282483172833		2		0
0.0000      0.0000      0.0000
0,41      -0.7071067811865475      0.0      0.7071067811865475
0.5773502691896258      0.5773502691896258      0.5773502691896258
0,39      0.7071067811865475      -0.0      -0.7071067811865475
0.5773502691896258      0.5773502691896258      0.5773502691896258
0,41      		-122.01587905893518		244.03175811787037		-122.01587905893518		2		0
0.0000      0.0000      0.0000
0,42      -0.7071067811865475      0.0      0.7071067811865475
0.5773502691896258      0.5773502691896258      0.5773502691896258
0,40      0.7071067811865475      -0.0      -0.7071067811865475
0.5773502691896258      0.5773502691896258      0.5773502691896258
0,42      		-124.76604114769982		249.53208229539965		-124.76604114769982		2		0
0.0000      0.0000      0.0000
0,43      -0.7071067811865475      0.0      0.7071067811865475
0.5773502691896258      0.5773502691896258      0.5773502691896258
0,41      0.7071067811865475      -0.0      -0.7071067811865475
0.5773502691896258      0.5773502691896258      0.5773502691896258
0,43      		-127.51301400053063		255.02602800106126		-127.51301400053063		2		0
0.0000      0.0000      0.0000
0,44      -0.7071067811865475      0.0      0.7071067811865475
0.5773502691896258      0.5773502691896258      0.5773502691896258
0,42      0.7071067811865475      -0.0      -0.7071067811865475
0.5773502691896258      0.5773502691896258      0.5773502691896258
0,44      		-129.73421526517603		259.46843053035207		-129.73421526517603		2		0
0.0000      0.0000      0.0000
0,45      -0.7071067811865475      0.0      0.7071067811865475
0.5773502691896258      0.5773502691896258      0.5773502691896258
0,43      0.7071067811865475      -0.0      -0.7071067811865475
0.5773502691896258      0.5773502691896258      0.5773502691896258
0,45      		-132.33611734131918		264.67223468263836		-132.33611734131918		2		0
0.0000      0.0000      0.0000
0,46      -0.7071067811865475      0.0      0.7071067811865475
0.5773502691896258      0.5773502691896258      0.5773502691896258
0,44      0.7071067811865475      -0.0      -0.7071067811865475
0.5773502691896258      0.5773502691896258      0.5773502691896258
0,46      		-134.49329842410881		268.98659684821763		-134.49329842410881		2		0
0.0000      0.0000      0.0000
0,47      -0.7071067811865475      0.0      0.7071067811865475
0.5773502691896258      0.5773502691896258      0.5773502691896258
0,45      0.7071067811865475      -0.0      -0.7071067811865475
0.5773502691896258      0.5773502691896258      0.5773502691896258
0,47      		-137.18264538954847		274.36529077909694		-137.18264538954847		2		0
0.0000      0.0000      0.0000
0,48      -0.7071067811865475      0.0      0.7071067811865475
0.5773502691896258      0.5773502691896258      0.5773502691896258
0,46      0.7071067811865475      -0.0      -0.7071067811865475
0.5773502691896258      0.5773502691896258      0.5773502691896258
0,48      		-140.20866668102533		280.41733336205067		-140.20866668102533		2		0
0.0000      0.0000      0.0000
0,49      -0.7071067811865475      0.0      0.7071067811865475
0.5773502691896258      0.5773502691896258      0.5773502691896258
0,47      0.7071067811865475      -0.0      -0.7071067811865475
0.5773502691896258      0.5773502691896258      0.5773502691896258
0,49      		-143.22736982978404		286.4547396595681		-143.22736982978404		2		0
0.0000      0.0000      0.0000
0,50      -0.7071067811865475      0.0      0.7071067811865475
0.5773502691896258      0.5773502691896258      0.5773502691896258
0,48      0.7071067811865475      -0.0      -0.7071067811865475
0.5773502691896258      0.5773502691896258      0.5773502691896258
0,50      		-145.6729673768665		291.345934753733		-145.6729673768665		2		0
0.0000      0.0000      0.0000
0,51      -0.7071067811865475      0.0      0.7071067811865475
0.5773502691896258      0.5773502691896258      0.5773502691896258
0,49      0.7071067811865475      -0.0      -0.7071067811865475
0.5773502691896258      0.5773502691896258      0.5773502691896258
0,51      		-149.22006804884592		298.44013609769183		-149.22006804884592		2		0
0.0000      0.0000      0.0000
0,52      -0.7071067811865475      0.0      0.7071067811865475
0.5773502691896258      0.5773502691896258      0.5773502691896258
0,50      0.7071067811865475      -0.0      -0.7071067811865475
0.5773502691896258      0.5773502691896258      0.5773502691896258
0,52      		-152.59858068418066		305.1971613683613		-152.59858068418066		2		0
0.0000      0.0000      0.0000
0,53      -0.7071067811865475      0.0      0.7071067811865475
0.5773502691896258      0.5773502691896258      0.5773502691896258
0,51      0.7071067811865475      -0.0      -0.7071067811865475
0.5773502691896258      0.5773502691896258      0.5773502691896258
0,53      		-155.93309529972692		311.86619059945383		-155.93309529972692		2		0
0.0000      0.0000      0.0000
0,54      -0.7071067811865475      0.0      0.7071067811865475
0.5773502691896258      0.5773502691896258      0.5773502691896258
0,52      0.7071067811865475      -0.0      -0.7071067811865475
0.5773502691896258      0.5773502691896258      0.5773502691896258
0,54      		-158.67716706402777		317.35433412805554		-158.67716706402777		2		0
0.0000      0.0000      0.0000
0,55      -0.7071067811865475      0.0      0.7071067811865475
0.5773502691896258      0.5773502691896258      0.5773502691896258
0,53      0.7071067811865475      -0.0      -0.7071067811865475
0.5773502691896258      0.5773502691896258      0.5773502691896258
0,55      		-162.50528741550485		325.0105748310097		-162.50528741550485		2		0
0.0000      0.0000      0.0000
0,56      -0.7071067811865475      0.0      0.7071067811865475
0.5773502691896258      0.5773502691896258      0.5773502691896258
0,54      0.7071067811865475      -0.0      -0.7071067811865475
0.5773502691896258      0.5773502691896258      0.5773502691896258
0,56      		-165.52450507536605		331.0490101507321		-165.52450507536605		2		0
0.0000      0.0000      0.0000
0,57      -0.7071067811865475      0.0      0.7071067811865475
0.5773502691896258      0.5773502691896258      0.5773502691896258
0,55      0.7071067811865475      -0.0      -0.7071067811865475
0.5773502691896258      0.5773502691896258      0.5773502691896258
0,57      		-169.52794456856043		339.05588913712086		-169.52794456856043		2		0
0.0000      0.0000      0.0000
0,58      -0.7071067811865475      0.0      0.7071067811865475
0.5773502691896258      0.5773502691896258      0.5773502691896258
0,56      0.7071067811865475      -0.0      -0.7071067811865475
0.5773502691896258      0.5773502691896258      0.5773502691896258
0,58      		-172.93920549903135		345.8784109980627		-172.93920549903135		2		0
0.0000      0.0000      0.0000
0,59      -0.7071067811865475      0.0      0.7071067811865475
0.5773502691896258      0.5773502691896258      0.5773502691896258
0,57      0.7071067811865475      -0.0      -0.7071067811865475
0.5773502691896258      0.5773502691896258      0.5773502691896258
0,59      		-175.95958541878647		351.91917083757295		-175.95958541878647		2		0
0.0000      0.0000      0.0000
0,60      -0.7071067811865475      0.0      0.7071067811865475
0.5773502691896258      0.5773502691896258      0.5773502691896258
0,58      0.7071067811865475      -0.0      -0.7071067811865475
0.5773502691896258      0.5773502691896258      0.5773502691896258
0,60      		-178.06627390088363		356.13254780176726		-178.06627390088363		2		0
0.0000      0.0000      0.0000
0,61      -0.7071067811865475      0.0      0.7071067811865475
0.5773502691896258      0.5773502691896258      0.5773502691896258
0,59      0.7071067811865475      -0.0      -0.7071067811865475
0.5773502691896258      0.5773502691896258      0.5773502691896258
0,61      		-181.1591721116789		362.3183442233578		-181.1591721116789		2		0
0.0000      0.0000      0.0000
0,62      -0.7071067811865475      0.0      0.7071067811865475
0.5773502691896258      0.5773502691896258      0.5773502691896258
0,60      0.7071067811865475      -0.0      -0.7071067811865475
0.5773502691896258      0.5773502691896258      0.5773502691896258
0,62      		-183.4014066876558		366.8028133753116		-183.4014066876558		2		0
0.0000      0.0000      0.0000
0,63      -0.7071067811865475      0.0      0.7071067811865475
0.5773502691896258      0.5773502691896258      0.5773502691896258
0,61      0.7071067811865475      -0.0      -0.7071067811865475
0.5773502691896258      0.5773502691896258      0.5773502691896258
0,63      		-185.827141806172		371.654283612344		-185.827141806172		2		0
0.0000      0.0000      0.0000
0,64      -0.7071067811865475      0.0      0.7071067811865475
0.5773502691896258      0.5773502691896258      0.5773502691896258
0,62      0.7071067811865475      -0.0      -0.7071067811865475
0.5773502691896258      0.5773502691896258      0.5773502691896258
0,64      		-188.10564139392673		376.21128278785346		-188.10564139392673		2		0
0.0000      0.0000      0.0000
0,65      -0.7071067811865475      0.0      0.7071067811865475
0.5773502691896258      0.5773502691896258      0.5773502691896258
0,63      0.7071067811865475      -0.0      -0.7071067811865475
0.5773502691896258      0.5773502691896258      0.5773502691896258
0,65      		-190.37924953753443		380.75849907506887		-190.37924953753443		2		0
0.0000      0.0000      0.0000
0,66      -0.7071067811865475      0.0      0.7071067811865475
0.5773502691896258      0.5773502691896258      0.5773502691896258
0,64      0.7071067811865475      -0.0      -0.7071067811865475
0.5773502691896258      0.5773502691896258      0.5773502691896258
0,66      		-192.65855253614612		385.31710507229224		-192.65855253614612		2		0
0.0000      0.0000      0.0000
0,67      -0.7071067811865475      0.0      0.7071067811865475
0.5773502691896258      0.5773502691896258      0.5773502691896258
0,65      0.7071067811865475      -0.0      -0.7071067811865475
0.5773502691896258      0.5773502691896258      0.5773502691896258
0,67      		-196.06166950323706		392.1233390064741		-196.06166950323706		2		0
0.0000      0.0000      0.0000
0,68      -0.7071067811865475      0.0      0.7071067811865475
0.5773502691896258      0.5773502691896258      0.5773502691896258
0,66      0.7071067811865475      -0.0      -0.7071067811865475
0.5773502691896258      0.5773502691896258      0.5773502691896258
0,68      		-200.04308677183587		400.08617354367175		-200.04308677183587		2		0
0.0000      0.0000      0.0000
0,69      -0.7071067811865475      0.0      0.7071067811865475
0.5773502691896258      0.5773502691896258      0.5773502691896258
0,67      0.7071067811865475      -0.0      -0.7071067811865475
0.5773502691896258      0.5773502691896258      0.5773502691896258
0,69      		-203.403674698963		406.807349397926		-203.403674698963		2		0
0.0000      0.0000      0.0000
0,70      -0.7071067811865475      0.0      0.7071067811865475
0.5773502691896258      0.5773502691896258      0.5773502691896258
0,68      0.7071067811865475      -0.0      -0.7071067811865475
0.5773502691896258      0.5773502691896258      0.5773502691896258
0,70      		-205.6112291130233		411.2224582260466		-205.6112291130233		2		0
0.0000      0.0000      0.0000
0,71      -0.7071067811865475      0.0      0.7071067811865475
0.5773502691896258      0.5773502691896258      0.5773502691896258
0,69      0.7071067811865475      -0.0      -0.7071067811865475
0.5773502691896258      0.5773502691896258      0.5773502691896258
0,71      		-208.55717006764465		417.1143401352893		-208.55717006764465		2		0
0.0000      0.0000      0.0000
0,72      -0.7071067811865475      0.0      0.7071067811865475
0.5773502691896258      0.5773502691896258      0.5773502691896258
0,70      0.7071067811865475      -0.0      -0.7071067811865475
0.5773502691896258      0.5773502691896258      0.5773502691896258
0,72      		-211.41897292487408		422.83794584974817		-211.41897292487408		2		0
0.0000      0.0000      0.0000
0,73      -0.7071067811865475      0.0      0.7071067811865475
0.5773502691896258      0.5773502691896258      0.5773502691896258
0,71      0.7071067811865475      -0.0      -0.7071067811865475
0.5773502691896258      0.5773502691896258      0.5773502691896258
0,73      		-214.57296986099524		429.1459397219905		-214.57296986099524		2		0
0.0000      0.0000      0.0000
0,74      -0.7071067811865475      0.0      0.7071067811865475
0.5773502691896258      0.5773502691896258      0.5773502691896258
0,72      0.7071067811865475      -0.0      -0.7071067811865475
0.5773502691896258      0.5773502691896258      0.5773502691896258
0,74      		-217.80559331388844		435.6111866277769		-217.80559331388844		2		0
0.0000      0.0000      0.0000
0,75      -0.7071067811865475      0.0      0.7071067811865475
0.5773502691896258      0.5773502691896258      0.5773502691896258
0,73      0.7071067811865475      -0.0      -0.7071067811865475
0.5773502691896258      0.5773502691896258      0.5773502691896258
0,75      		-221.42162974811194		442.8432594962239		-221.42162974811194		2		0
0.0000      0.0000      0.0000
0,76      -0.7071067811865475      0.0      0.7071067811865475
0.5773502691896258      0.5773502691896258      0.5773502691896258
0,74      0.7071067811865475      -0.0      -0.7071067811865475
0.5773502691896258      0.5773502691896258      0.5773502691896258
0,76      		-225.49641722217402		450.99283444434803		-225.49641722217402		2		0
0.0000      0.0000      0.0000
0,77      -0.7071067811865475      0.0      0.7071067811865475
0.5773502691896258      0.5773502691896258      0.5773502691896258
0,75      0.7071067811865475      -0.0      -0.7071067811865475
0.5773502691896258      0.5773502691896258      0.5773502691896258
0,77      		-227.84656602815318		455.69313205630635		-227.84656602815318		2		0
0.0000      0.0000      0.0000
0,78      -0.7071067811865475      0.0      0.7071067811865475
0.5773502691896258      0.5773502691896258      0.5773502691896258
0,76      0.7071067811865475      -0.0      -0.7071067811865475
0.5773502691896258      0.5773502691896258      0.5773502691896258
0,78      		-231.48022922152919		462.96045844305837		-231.48022922152919		2		0
0.0000      0.0000      0.0000
0,79      -0.7071067811865475      0.0      0.7071067811865475
0.5773502691896258      0.5773502691896258      0.5773502691896258
0,77      0.7071067811865475      -0.0      -0.7071067811865475
0.5773502691896258      0.5773502691896258      0.5773502691896258
0,79      		-234.23869435909037		468.47738871818075		-234.23869435909037		2		0
0.0000      0.0000      0.0000
0,80      -0.7071067811865475      0.0      0.7071067811865475
0.5773502691896258      0.5773502691896258      0.5773502691896258
0,78      0.7071067811865475      -0.0      -0.7071067811865475
0.5773502691896258      0.5773502691896258      0.5773502691896258
0,80      		-237.77356808815577		475.54713617631154		-237.77356808815577		2		0
0.0000      0.0000      0.0000
0,81      -0.7071067811865475      0.0      0.7071067811865475
0.5773502691896258      0.5773502691896258      0.5773502691896258
0,79      0.7071067811865475      -0.0      -0.7071067811865475
0.5773502691896258      0.5773502691896258      0.5773502691896258
0,81      		-241.55830676263247		483.11661352526494		-241.55830676263247		2		0
0.0000      0.0000      0.0000
0,82      -0.7071067811865475      0.0      0.7071067811865475
0.5773502691896258      0.5773502691896258      0.5773502691896258
0,80      0.7071067811865475      -0.0      -0.7071067811865475
0.5773502691896258      0.5773502691896258      0.5773502691896258
0,82      		-244.11764265145405		488.2352853029081		-244.11764265145405		2		0
0.0000      0.0000      0.0000
0,83      -0.7071067811865475      0.0      0.7071067811865475
0.5773502691896258      0.5773502691896258      0.5773502691896258
0,81      0.7071067811865475      -0.0      -0.7071067811865475
0.5773502691896258      0.5773502691896258      0.5773502691896258
0,83      		-247.3526194367069		494.7052388734138		-247.3526194367069		2		0
0.0000      0.0000      0.0000
0,84      -0.7071067811865475      0.0      0.7071067811865475
0.5773502691896258      0.5773502691896258      0.5773502691896258
0,82      0.7071067811865475      -0.0      -0.7071067811865475
0.5773502691896258      0.5773502691896258      0.5773502691896258
0,84      		-250.93768108690125		501.8753621738025		-250.93768108690125		2		0
0.0000      0.0000      0.0000
0,85      -0.7071067811865475      0.0      0.7071067811865475
0.5773502691896258      0.5773502691896258      0.5773502691896258
0,83      0.7071067811865475      -0.0      -0.7071067811865475
0.5773502691896258      0.5773502691896258      0.5773502691896258
0,85      		-254.5172860006372		509.0345720012744		-254.5172860006372		2		0
0.0000      0.0000      0.0000
0,86      -0.7071067811865475      0.0      0.7071067811865475
0.5773502691896258      0.5773502691896258      0.5773502691896258
0,84      0.7071067811865475      -0.0      -0.7071067811865475
0.5773502691896258      0.5773502691896258      0.5773502691896258
0,86      		-258.1659432564998		516.3318865129996		-258.1659432564998		2		0
0.0000      0.0000      0.0000
0,87      -0.7071067811865475      0.0      0.7071067811865475
0.5773502691896258      0.5773502691896258      0.5773502691896258
0,85      0.7071067811865475      -0.0      -0.7071067811865475
0.5773502691896258      0.5773502691896258      0.5773502691896258
0,87      		-262.16279965883155		524.3255993176631		-262.16279965883155		2		0
0.0000      0.0000      0.0000
0,88      -0.7071067811865475      0.0      0.7071067811865475
0.5773502691896258      0.5773502691896258      0.5773502691896258
0,86      0.7071067811865475      -0.0      -0.7071067811865475
0.5773502691896258      0.5773502691896258      0.5773502691896258
0,88      		-264.6083570285605		529.216714057121		-264.6083570285605		2		0
0.0000      0.0000      0.0000
0,89      -0.7071067811865475      0.0      0.7071067811865475
0.5773502691896258      0.5773502691896258      0.5773502691896258
0,87      0.7071067811865475      -0.0      -0.7071067811865475
0.5773502691896258      0.5773502691896258      0.5773502691896258
0,89      		-268.1622604797832		536.3245209595664		-268.1622604797832		2		0
0.0000      0.0000      0.0000
0,90      -0.7071067811865475      0.0      0.7071067811865475
0.5773502691896258      0.5773502691896258      0.5773502691896258
0,88      0.7071067811865475      -0.0      -0.7071067811865475
0.5773502691896258      0.5773502691896258      0.5773502691896258
0,90      		-270.9591924438049		541.9183848876098		-270.9591924438049		2		0
0.0000      0.0000      0.0000
0,91      -0.7071067811865475      0.0      0.7071067811865475
0.5773502691896258      0.5773502691896258      0.5773502691896258
0,89      0.7071067811865475      -0.0      -0.7071067811865475
0.5773502691896258      0.5773502691896258      0.5773502691896258
0,91      		-274.6274804073254		549.2549608146508		-274.6274804073254		2		0
0.0000      0.0000      0.0000
0,92      -0.7071067811865475      0.0      0.7071067811865475
0.5773502691896258      0.5773502691896258      0.5773502691896258
0,90      0.7071067811865475      -0.0      -0.7071067811865475
0.5773502691896258      0.5773502691896258      0.5773502691896258
0,92      		-277.2101457575757		554.4202915151513		-277.2101457575757		2		0
0.0000      0.0000      0.0000
0,93      -0.7071067811865475      0.0      0.7071067811865475
0.5773502691896258      0.5773502691896258      0.5773502691896258
0,91      0.7071067811865475      -0.0      -0.7071067811865475
0.5773502691896258      0.5773502691896258      0.5773502691896258
0,93      		-279.3531352973132		558.7062705946264		-279.3531352973132		2		0
0.0000      0.0000      0.0000
0,94      -0.7071067811865475      0.0      0.7071067811865475
0.5773502691896258      0.5773502691896258      0.5773502691896258
0,92      0.7071067811865475      -0.0      -0.7071067811865475
0.5773502691896258      0.5773502691896258      0.5773502691896258
0,94      		-282.08486341799784		564.1697268359957		-282.08486341799784		2		0
0.0000      0.0000      0.0000
0,95      -0.7071067811865475      0.0      0.7071067811865475
0.5773502691896258      0.5773502691896258      0.5773502691896258
0,93      0.7071067811865475      -0.0      -0.7071067811865475
0.5773502691896258      0.5773502691896258      0.5773502691896258
0,95      		-284.8853618579298		569.7707237158596		-284.8853618579298		2		0
0.0000      0.0000      0.0000
0,96      -0.7071067811865475      0.0      0.7071067811865475
0.5773502691896258      0.5773502691896258      0.5773502691896258
0,94      0.7071067811865475      -0.0      -0.7071067811865475
0.5773502691896258      0.5773502691896258      0.5773502691896258
0,96      		-288.3628883734656		576.7257767469312		-288.3628883734656		2		0
0.0000      0.0000      0.0000
0,97      -0.7071067811865475      0.0      0.7071067811865475
0.5773502691896258      0.5773502691896258      0.5773502691896258
0,95      0.7071067811865475      -0.0      -0.7071067811865475
0.5773502691896258      0.5773502691896258      0.5773502691896258
0,97      		-291.50372722486765		583.0074544497353		-291.50372722486765		2		0
0.0000      0.0000      0.0000
0,98      -0.7071067811865475      0.0      0.7071067811865475
0.5773502691896258      0.5773502691896258      0.5773502691896258
0,96      0.7071067811865475      -0.0      -0.7071067811865475
0.5773502691896258      0.5773502691896258      0.5773502691896258
0,98      		-293.9659414210648		587.9318828421297		-293.9659414210648		2		0
0.0000      0.0000      0.0000
0,99      -0.7071067811865475      0.0      0.7071067811865475
0.5773502691896258      0.5773502691896258      0.5773502691896258
0,97      0.7071067811865475      -0.0      -0.7071067811865475
0.5773502691896258      0.5773502691896258      0.5773502691896258
0,99      		-296.3515741847712		592.7031483695424		-296.3515741847712		2		0
0.0000      0.0000      0.0000
0,100     -0.7071067811865475      0.0      0.7071067811865475
0.5773502691896258      0.5773502691896258      0.5773502691896258
0,98      0.7071067811865475      -0.0      -0.7071067811865475
0.5773502691896258      0.5773502691896258      0.5773502691896258
0,100     		-300.39615341588126		600.7923068317625		-300.39615341588126		2		0
0.0000      0.0000      0.0000
0,101     -0.7071067811865475      0.0      0.7071067811865475
0.5773502691896258      0.5773502691896258      0.5773502691896258
0,99      0.7071067811865475      -0.0      -0.7071067811865475
0.5773502691896258      0.5773502691896258      0.5773502691896258
0,101     		-303.16437924823623		606.3287584964725		-303.16437924823623		2		0
0.0000      0.0000      0.0000
0,102     -0.7071067811865475      0.0      0.7071067811865475
0.5773502691896258      0.5773502691896258      0.5773502691896258
0,100     0.7071067811865475      -0.0      -0.7071067811865475
0.5773502691896258      0.5773502691896258      0.5773502691896258
0,102     		-305.50243945852327		611.0048789170465		-305.50243945852327		2		0
0.0000      0.0000      0.0000
0,103     -0.7071067811865475      0.0      0.7071067811865475
0.5773502691896258      0.5773502691896258      0.5773502691896258
0,101     0.7071067811865475      -0.0      -0.7071067811865475
0.5773502691896258      0.5773502691896258      0.5773502691896258
0,103     		-308.9011538305153		617.8023076610306		-308.9011538305153		2		0
0.0000      0.0000      0.0000
0,104     -0.7071067811865475      0.0      0.7071067811865475
0.5773502691896258      0.5773502691896258      0.5773502691896258
0,102     0.7071067811865475      -0.0      -0.7071067811865475
0.5773502691896258      0.5773502691896258      0.5773502691896258
0,104     		-311.30998136831477		622.6199627366295		-311.30998136831477		2		0
0.0000      0.0000      0.0000
0,105     -0.7071067811865475      0.0      0.7071067811865475
0.5773502691896258      0.5773502691896258      0.5773502691896258
0,103     0.7071067811865475      -0.0      -0.7071067811865475
0.5773502691896258      0.5773502691896258      0.5773502691896258
0,105     		-315.13693058077746		630.2738611615549		-315.13693058077746		2		0
0.0000      0.0000      0.0000
0,106     -0.7071067811865475      0.0      0.7071067811865475
0.5773502691896258      0.5773502691896258      0.5773502691896258
0,104     0.7071067811865475      -0.0      -0.7071067811865475
0.5773502691896258      0.5773502691896258      0.5773502691896258
0,106     		-317.85080293187025		635.7016058637405		-317.85080293187025		2		0
0.0000      0.0000      0.0000
0,107     -0.7071067811865475      0.0      0.7071067811865475
0.5773502691896258      0.5773502691896258      0.5773502691896258
0,105     0.7071067811865475      -0.0      -0.7071067811865475
0.5773502691896258      0.5773502691896258      0.5773502691896258
0,107     		-321.2108133604043		642.4216267208086		-321.2108133604043		2		0
0.0000      0.0000      0.0000
0,108     -0.7071067811865475      0.0      0.7071067811865475
0.5773502691896258      0.5773502691896258      0.5773502691896258
0,106     0.7071067811865475      -0.0      -0.7071067811865475
0.5773502691896258      0.5773502691896258      0.5773502691896258
0,108     		-324.1403291925042		648.2806583850085		-324.1403291925042		2		0
0.0000      0.0000      0.0000
0,109     -0.7071067811865475      0.0      0.7071067811865475
0.5773502691896258      0.5773502691896258      0.5773502691896258
0,107     0.7071067811865475      -0.0      -0.7071067811865475
0.5773502691896258      0.5773502691896258      0.5773502691896258
0,109     		-326.59863237109045		653.1972647421809		-326.59863237109045		1		7
0.0000      0.0000      0.0000
0,108     0.7071067811865475      -0.0      -0.7071067811865475
0.5773502691896258      0.5773502691896258      0.5773502691896258
